    0.07257306
    0.11661748
    0.09512305
   -0.04993314
    0.19695382
   -0.36757773
    0.23616483
   -0.29380784
   -0.21482715
    0.07595555
    0.08974368
    0.09663575
   -0.36236319
    0.39008440
    0.09312451
   -0.43682441
   -0.42630627
   -0.35301923
   -0.43968780
   -0.45984455
   -0.45148479
   -0.44190064
    0.03150341
    0.03787372
    0.08249658
    0.06828419
    0.03095381
    0.16989505
    0.18885669
    0.17509256
    0.05192801
    0.05167250
    0.04423486
    0.31739661
    0.33195689
    0.30414149
    0.31342479
    0.33256052
    0.30232895
