           1           2  0.97086548225609759     
           2           3  0.94434326341688113     
           3           4  0.98180004533220178     
           4           5  0.96083450433915707     
           5           6   1.0189586119958178     
           6           7   1.6225621553603691     
           6           8  0.10266502136724315     
           7           8   1.1466061722812184     
           6           9  0.13525020383308575     
           7           9   1.1301984299914554     
           4          10  0.97112171330663355     
           9          10  0.99904823160881984     
          10          11  0.95814446448805657     
           2          12  0.95784818321480969     
          11          12  0.96489768968879508     
          12          13  0.96608496188106507     
          13          14  0.93373639358325344     
          10          15  0.95002570316066426     
          14          15  0.93239151980421786     
          15          16   1.0079356399927264     
          14          17   1.0176534373304751     
           3          18  0.95439174331810606     
          14          18  0.95741046422169906     
          11          19  0.99707774379305558     
           5          20  0.98035116299725933     
           2          21   1.0020796749499294     
           1          22  0.99859570202987291     
           1          23  0.96774544697669562     
           1          24  0.96998709723708920     
           3          25  0.95519069200881246     
           4          26  0.95528025558001151     
           5          27  0.94104577306490933     
           8          28  0.94915021432857216     
           8          29  0.94693746333547857     
           9          30  0.93452305254935664     
          11          31  0.95374607256507127     
          12          32  0.95663838545026314     
          15          33  0.95083529491619889     
          16          34  0.87730545805307236     
          17          35  0.86827190282573230     
          19          36  0.88914041255915965     
          20          37  0.88137885692622786     
          21          38  0.86409399985431601     
          22          39  0.89354768372992277     
