   -0.03009420
   -0.17441762
    0.01212553
   -0.06362055
    0.01645669
   -0.02661312
   -0.02918349
   -0.06842026
    0.11759851
    0.11190599
   -0.26964828
    0.11737290
   -0.03393473
   -0.00519428
   -0.05345756
   -0.07866666
    0.12036190
   -0.38343000
   -0.06797976
    0.04378091
   -0.42804382
    0.03634966
    0.01037732
    0.03998586
    0.03370348
    0.01242383
    0.05198882
    0.05804068
    0.03854777
    0.04811458
    0.03700516
    0.02133333
    0.01537703
    0.03333961
    0.03203458
    0.30061305
    0.03714852
    0.04334592
    0.03090127
    0.29247143
