           1           2   1.0179587441668125     
           2           3   1.0007600053270089     
           3           4   1.0040714773189294     
           4           5  0.96709051566726190     
           5           6  0.97099520042618248     
           6           7   1.0108867556285088     
           7           8   1.9336726076459372     
           8           9  0.97972972314936202     
           5          10  0.96414744288450283     
           9          10  0.98210254223127980     
          10          11  0.95322278240187142     
          11          12   1.0415593802663488     
           5          13  0.98870629294538148     
          12          13   1.3389686231718398     
          13          14   1.4143348992544429     
          14          15   1.3811157563024972     
          15          16   1.4553528904548827     
          12          17   1.3320164350031716     
          16          17   1.3578889164651091     
          17          18   1.0680805313047232     
          14          19   1.0081730508507663     
           2          20   1.0065178526561833     
           6          20  0.97176243120748740     
          19          20  0.96733221451381834     
           9          21  0.98852509258335819     
           1          22  0.98184650285055419     
           1          23  0.97065396940863857     
           1          24  0.98090018288653791     
           3          25  0.97221099584366222     
           3          26  0.96286235712311075     
           4          27  0.97401994233204681     
           4          28  0.96834686274590642     
           6          29  0.94118376215580069     
           7          30  0.96355223651282507     
           8          31  0.96626493265547997     
           9          32  0.95407903980700204     
          10          33  0.95596734522920201     
          15          34  0.97030744775834676     
          16          35  0.96620394001002130     
          18          36  0.88823221809949793     
          19          37  0.96407049002782275     
          19          38  0.96268163270196272     
          20          39  0.96394581475728280     
          21          40  0.89771009565207405     
