   -0.10850542
   -0.00825428
   -0.03544454
    0.09951166
    0.22377851
   -0.37181504
   -0.01065871
   -0.11637642
    0.12464550
   -0.08257852
    0.10877919
    0.13791745
    0.07534124
   -0.32921161
   -0.04639155
    0.09065240
    0.13261681
   -0.07076721
    0.10812635
   -0.23950618
    0.35148932
   -0.40986861
    0.09347476
    0.05147356
   -0.01681944
   -0.04126316
   -0.02682620
   -0.02731041
   -0.02550440
   -0.03038683
   -0.32262359
    0.24209955
   -0.00043884
   -0.02789426
   -0.02610891
   -0.02416835
   -0.02768309
   -0.02331891
   -0.39312921
   -0.43261624
    0.01834120
   -0.11390346
   -0.12231311
   -0.45516413
   -0.27438357
    0.36147205
   -0.44039706
   -0.01847268
   -0.01796816
   -0.02470342
   -0.01981764
   -0.02421866
   -0.02092379
   -0.29161193
    0.36675630
   -0.41660212
   -0.15084770
   -0.45214598
   -0.26348274
    0.36361752
   -0.40027395
   -0.15047385
    0.05197863
    0.05671705
    0.09112146
    0.08465479
    0.04380579
    0.06443259
    0.09464365
    0.01964935
    0.09600707
    0.05318338
    0.04370368
    0.05592742
    0.04666247
    0.08391211
    0.06893708
    0.04742094
    0.06349055
    0.07233344
    0.04383251
    0.03803047
    0.02351259
    0.03826504
    0.03892857
    0.03950264
    0.03836135
    0.05328684
    0.04047572
    0.03910850
    0.03901952
    0.05640298
    0.30714930
    0.31997732
    0.04458298
    0.06247002
    0.04860498
    0.05866426
    0.07173391
    0.03830808
    0.31433171
    0.05822982
    0.04672299
    0.04676649
    0.05037233
    0.05418449
    0.08205320
    0.10418338
    0.08094212
    0.31959479
    0.08291229
    0.08262188
    0.08136593
