           1           2   1.0434963367415413     
           2           3   1.7623845202506976     
           3           4  0.96287112992280843     
           4           5  0.92821698801967012     
           5           6   1.7973919695522305     
           5           7  0.96853497386848231     
           7           8  0.94684758585911777     
           7           9  0.95147626003572372     
           9          10  0.98463840811776815     
          10          11  0.99950743921741381     
          11          12  0.96224602469327758     
          12          13  0.97242804399648941     
          11          14  0.95635630437318675     
          13          14  0.97563686578617292     
           7          15  0.97372840815691708     
          12          15  0.95801514102630447     
          15          16  0.97135399089811225     
          16          17  0.93874456308987542     
          17          18  0.97447577701447585     
           2          19  0.99450521317122642     
          18          19  0.97237017083059041     
          19          20  0.92189489032026595     
          20          21   1.1633932464009118     
          20          22  0.18051273670770565     
          21          22   1.7465253710217703     
          21          23  0.93805547893830232     
          23          24  0.92645923701961785     
          24          25  0.98277240165057178     
          25          26   1.4045933167323459     
          26          27   1.4438555025681001     
          25          28  0.10803966791003840     
          27          28   1.4390772729828825     
          26          29  0.11015761289250632     
          28          29   1.4370357079066165     
          25          30   1.4033088296027105     
          27          30  0.11120090241172366     
          29          30   1.4473794436753145     
          24          31   1.0076008029985930     
          31          32   1.7147521481187620     
          32          33   1.0358606652002094     
          33          34   1.3792139722637540     
          34          35   1.4614070951788729     
          33          36  0.10275325860002615     
          35          36   1.4273125601522012     
          34          37  0.10808369917749680     
          36          37   1.4375829649991712     
          33          38   1.3891108971052830     
          35          38  0.10629123150880114     
          37          38   1.4495824341502281     
          31          39  0.15404721966042864     
          32          39   1.0940953862561134     
          23          40   1.0103997643814837     
           3          41  0.99045586795647567     
          17          41  0.93474530344907825     
          41          42   1.0007044319306881     
          41          43  0.97624635451115227     
          17          44  0.99645127832894165     
          16          45  0.92240074571975517     
          45          46   1.1365423811353694     
          45          47  0.16532003186826061     
          46          47   1.6761511538699014     
          46          48   1.0068053247632878     
          48          49   1.3848668515806324     
          49          50   1.4532997921705746     
          48          51  0.10281481191191134     
          50          51   1.4333109420328907     
          49          52  0.10762692664477090     
          51          52   1.4332983080080413     
          48          53   1.3843900374643916     
          50          53  0.10773858331951953     
          52          53   1.4524542341091209     
          12          54  0.93313767756900079     
          54          55   1.0961219669023015     
          54          56  0.16318993185689323     
          55          56   1.7501205535483428     
          55          57  0.99818624416639634     
           9          58   1.0129115740841943     
           4          59  0.95032546009891339     
          59          60   1.1023139715735755     
          59          61  0.16772519270371114     
          60          61   1.7671201179403389     
          60          62  0.99033774330371049     
           1          63  0.96594290633714264     
           1          64  0.97515975695521318     
           1          65  0.94406820676567293     
           4          66  0.93371149627233041     
           8          67  0.98081076216788121     
           8          68  0.97682039069759430     
           8          69  0.95656794093413910     
           9          70  0.95180436198564011     
          10          71  0.96008850791698575     
          10          72  0.97177244611399882     
          11          73  0.96172603126224154     
          13          74  0.96644602942139179     
          13          75  0.97014721672590820     
          15          76  0.93512921995970855     
          16          77  0.94350952809905309     
          18          78  0.96803082008798025     
          18          79  0.97104751049623461     
          19          80  0.94053482899139618     
          23          81  0.95326436983295038     
          24          82  0.94511379340919599     
          26          83  0.96723235261397189     
          27          84  0.97049379728213681     
          28          85  0.97092506564054082     
          29          86  0.97045699724431955     
          30          87  0.96842700009270066     
          34          88  0.96611569135660158     
          35          89  0.97018820623435786     
          36          90  0.97101389756257217     
          37          91  0.97043366203526704     
          38          92  0.96643246098771030     
          39          93  0.86103906451641732     
          40          94  0.86508309515120885     
          42          95  0.98342821901201372     
          42          96  0.97944088961917031     
          42          97  0.96350373818017732     
          43          98  0.98178564005917324     
          43          99  0.97845976756386488     
          43         100  0.98372188737948318     
          44         101  0.85211883915516262     
          49         102  0.96673617709073456     
          50         103  0.96948366366338590     
          51         104  0.97035174669516455     
          52         105  0.96925552291170902     
          53         106  0.96402991534261961     
          57         107  0.95810877111750870     
          57         108  0.95112575370371122     
          57         109  0.98126790947495723     
          58         110  0.84848794398579164     
          62         111  0.95336310927870438     
          62         112  0.97400383421854531     
          62         113  0.97616114315837932     
