   -0.05353926
   -0.00535266
   -0.06875356
    0.05070110
   -0.02499860
   -0.02848720
   -0.06845569
    0.11768125
    0.11165160
    0.01745582
   -0.06277316
    0.01830862
   -0.25504465
   -0.03394598
    0.11752324
    0.12052079
   -0.07862957
   -0.38302848
   -0.26928813
   -0.42806631
    0.03342587
    0.03896674
    0.03773634
    0.02864647
    0.03740335
    0.04846281
    0.03704437
    0.02126622
    0.01528415
    0.05888178
    0.05102686
    0.01069641
    0.03224674
    0.13001746
    0.03217080
    0.30069247
    0.29255197
