           1           2   1.3814867413959766     
           2           3   1.0077876617021300     
           3           4  0.96791817293870552     
           4           5  0.97315716624566873     
           5           6   1.0108760012213811     
           6           7   1.9336275392754252     
           7           8  0.97976351875099355     
           8           9  0.98218227693015869     
           5          10  0.97096716589451659     
           9          10  0.96418969844335978     
          10          11  0.96677174024573376     
          11          12   1.0050199089040395     
           4          13   1.0177571893369688     
          12          13   1.0102543474502104     
           2          14   1.4139069048850061     
          10          14  0.98873353424856947     
          14          15   1.3391684167098981     
          15          16   1.3312471524355067     
           1          17   1.4549624128224430     
          16          17   1.3582041211133409     
          16          18   1.0685578051298961     
           9          19  0.95288208166951216     
          15          19   1.0423790950294010     
           8          20  0.98856527591918830     
           1          21  0.97030585451488838     
           3          22  0.96619475927247611     
           3          23  0.96439108551826913     
           4          24  0.96642324501885635     
           5          25  0.94137356425950458     
           6          26  0.96355275430689513     
           7          27  0.96627065893874953     
           8          28  0.95403323769177728     
           9          29  0.95592917215432627     
          11          30  0.96841184419939574     
          11          31  0.97437560711262050     
          12          32  0.96531415062638126     
          12          33  0.97410771220297676     
          13          34  0.95749679917270369     
          17          35  0.96619935087768505     
          18          36  0.88817636624810115     
          20          37  0.89759515188520334     
